(kicad_pcb (version 20171130) (host pcbnew "(5.1.5)-3")

  (general
    (thickness 1.6)
    (drawings 4)
    (tracks 1300)
    (zones 0)
    (modules 170)
    (nets 103)
  )

  (page A4)
  (layers
    (0 F.Cu signal)
    (31 B.Cu signal)
    (32 B.Adhes user)
    (33 F.Adhes user)
    (34 B.Paste user)
    (35 F.Paste user)
    (36 B.SilkS user)
    (37 F.SilkS user)
    (38 B.Mask user)
    (39 F.Mask user)
    (40 Dwgs.User user)
    (41 Cmts.User user)
    (42 Eco1.User user)
    (43 Eco2.User user)
    (44 Edge.Cuts user)
    (45 Margin user)
    (46 B.CrtYd user)
    (47 F.CrtYd user)
    (48 B.Fab user)
    (49 F.Fab user hide)
  )

  (setup
    (last_trace_width 0.2)
    (user_trace_width 0.3)
    (user_trace_width 0.5)
    (user_trace_width 1)
    (trace_clearance 0.2)
    (zone_clearance 0.508)
    (zone_45_only no)
    (trace_min 0.1524)
    (via_size 0.8)
    (via_drill 0.4)
    (via_min_size 0.7)
    (via_min_drill 0.34)
    (uvia_size 0.8)
    (uvia_drill 0.4)
    (uvias_allowed no)
    (uvia_min_size 0.7)
    (uvia_min_drill 0.34)
    (edge_width 0.05)
    (segment_width 0.2)
    (pcb_text_width 0.3)
    (pcb_text_size 1.5 1.5)
    (mod_edge_width 0.12)
    (mod_text_size 1 1)
    (mod_text_width 0.15)
    (pad_size 1.524 1.524)
    (pad_drill 0.762)
    (pad_to_mask_clearance 0.051)
    (solder_mask_min_width 0.254)
    (aux_axis_origin 0 0)
    (visible_elements 7FFFFFFF)
    (pcbplotparams
      (layerselection 0x010fc_ffffffff)
      (usegerberextensions false)
      (usegerberattributes false)
      (usegerberadvancedattributes false)
      (creategerberjobfile false)
      (excludeedgelayer true)
      (linewidth 0.100000)
      (plotframeref false)
      (viasonmask false)
      (mode 1)
      (useauxorigin false)
      (hpglpennumber 1)
      (hpglpenspeed 20)
      (hpglpendiameter 15.000000)
      (psnegative false)
      (psa4output false)
      (plotreference true)
      (plotvalue true)
      (plotinvisibletext false)
      (padsonsilk false)
      (subtractmaskfromsilk false)
      (outputformat 1)
      (mirror false)
      (drillshape 0)
      (scaleselection 1)
      (outputdirectory ""))
  )

  (net 0 "")
  (net 1 GND)
  (net 2 +9V)
  (net 3 -9V)
  (net 4 +5V)
  (net 5 -5V)
  (net 6 "Net-(C107-Pad2)")
  (net 7 "Net-(C108-Pad1)")
  (net 8 "Net-(C605-Pad2)")
  (net 9 "Net-(C605-Pad1)")
  (net 10 /NotchFilter1/IN)
  (net 11 "Net-(C606-Pad1)")
  (net 12 "Net-(C608-Pad1)")
  (net 13 "Net-(C705-Pad2)")
  (net 14 "Net-(C705-Pad1)")
  (net 15 /NotchFilter2/IN)
  (net 16 "Net-(C706-Pad1)")
  (net 17 "Net-(C708-Pad1)")
  (net 18 "Net-(C805-Pad2)")
  (net 19 "Net-(C805-Pad1)")
  (net 20 /NotchFilter3/IN)
  (net 21 "Net-(C806-Pad1)")
  (net 22 "Net-(C808-Pad1)")
  (net 23 "Net-(C905-Pad1)")
  (net 24 "Net-(C905-Pad2)")
  (net 25 /NotchFilter4/IN)
  (net 26 "Net-(C906-Pad1)")
  (net 27 "Net-(C908-Pad1)")
  (net 28 "Net-(C1005-Pad1)")
  (net 29 "Net-(C1006-Pad1)")
  (net 30 "Net-(C1006-Pad2)")
  (net 31 "Net-(C1007-Pad1)")
  (net 32 "Net-(C1105-Pad1)")
  (net 33 "Net-(C1106-Pad1)")
  (net 34 "Net-(C1106-Pad2)")
  (net 35 "Net-(C1107-Pad1)")
  (net 36 "Net-(C1205-Pad1)")
  (net 37 "Net-(C1206-Pad2)")
  (net 38 "Net-(C1206-Pad1)")
  (net 39 "Net-(C1207-Pad1)")
  (net 40 "Net-(C1305-Pad1)")
  (net 41 "Net-(C1306-Pad1)")
  (net 42 "Net-(C1306-Pad2)")
  (net 43 "Net-(C1307-Pad1)")
  (net 44 "Net-(J101-Pad1)")
  (net 45 /InstrAmpChannel4/IN)
  (net 46 /InstrAmpChannel3/IN)
  (net 47 /InstrAmpChannel2/IN)
  (net 48 /InstrAmpChannel1/IN)
  (net 49 /LPFilter1/IN)
  (net 50 /LPFilter2/IN)
  (net 51 /LPFilter3/IN)
  (net 52 /LPFilter4/IN)
  (net 53 /LPFilter4/OUT)
  (net 54 /LPFilter3/OUT)
  (net 55 /LPFilter2/OUT)
  (net 56 /LPFilter1/OUT)
  (net 57 "Net-(PS101-Pad13)")
  (net 58 "Net-(PS101-Pad8)")
  (net 59 "Net-(PS101-Pad2)")
  (net 60 "Net-(R101-Pad1)")
  (net 61 /InstrAmpChannel1/STG1COMMON)
  (net 62 "Net-(R102-Pad1)")
  (net 63 /InstrAmpChannel1/STG2COMMON)
  (net 64 "Net-(R201-Pad1)")
  (net 65 "Net-(R202-Pad1)")
  (net 66 "Net-(R203-Pad1)")
  (net 67 "Net-(R301-Pad1)")
  (net 68 "Net-(R302-Pad1)")
  (net 69 "Net-(R303-Pad1)")
  (net 70 "Net-(R401-Pad1)")
  (net 71 "Net-(R402-Pad1)")
  (net 72 "Net-(R403-Pad1)")
  (net 73 "Net-(R501-Pad1)")
  (net 74 "Net-(R502-Pad1)")
  (net 75 "Net-(R503-Pad1)")
  (net 76 "Net-(R602-Pad2)")
  (net 77 "Net-(R604-Pad1)")
  (net 78 "Net-(R702-Pad2)")
  (net 79 "Net-(R704-Pad1)")
  (net 80 "Net-(R802-Pad2)")
  (net 81 "Net-(R804-Pad1)")
  (net 82 "Net-(R902-Pad2)")
  (net 83 "Net-(R904-Pad1)")
  (net 84 "Net-(RV601-Pad3)")
  (net 85 "Net-(RV701-Pad3)")
  (net 86 "Net-(RV801-Pad3)")
  (net 87 "Net-(RV901-Pad3)")
  (net 88 "Net-(U101-Pad7)")
  (net 89 "Net-(U101-Pad6)")
  (net 90 "Net-(U101-Pad5)")
  (net 91 "Net-(U1001-Pad7)")
  (net 92 "Net-(U1001-Pad6)")
  (net 93 "Net-(U1001-Pad5)")
  (net 94 "Net-(U1101-Pad5)")
  (net 95 "Net-(U1101-Pad6)")
  (net 96 "Net-(U1101-Pad7)")
  (net 97 "Net-(U1201-Pad5)")
  (net 98 "Net-(U1201-Pad6)")
  (net 99 "Net-(U1201-Pad7)")
  (net 100 "Net-(U1301-Pad5)")
  (net 101 "Net-(U1301-Pad6)")
  (net 102 "Net-(U1301-Pad7)")

  (net_class Default "This is the default net class."
    (clearance 0.2)
    (trace_width 0.2)
    (via_dia 0.8)
    (via_drill 0.4)
    (uvia_dia 0.8)
    (uvia_drill 0.4)
    (add_net +5V)
    (add_net +9V)
    (add_net -5V)
    (add_net -9V)
    (add_net /InstrAmpChannel1/IN)
    (add_net /InstrAmpChannel1/STG1COMMON)
    (add_net /InstrAmpChannel1/STG2COMMON)
    (add_net /InstrAmpChannel2/IN)
    (add_net /InstrAmpChannel3/IN)
    (add_net /InstrAmpChannel4/IN)
    (add_net /LPFilter1/IN)
    (add_net /LPFilter1/OUT)
    (add_net /LPFilter2/IN)
    (add_net /LPFilter2/OUT)
    (add_net /LPFilter3/IN)
    (add_net /LPFilter3/OUT)
    (add_net /LPFilter4/IN)
    (add_net /LPFilter4/OUT)
    (add_net /NotchFilter1/IN)
    (add_net /NotchFilter2/IN)
    (add_net /NotchFilter3/IN)
    (add_net /NotchFilter4/IN)
    (add_net GND)
    (add_net "Net-(C1005-Pad1)")
    (add_net "Net-(C1006-Pad1)")
    (add_net "Net-(C1006-Pad2)")
    (add_net "Net-(C1007-Pad1)")
    (add_net "Net-(C107-Pad2)")
    (add_net "Net-(C108-Pad1)")
    (add_net "Net-(C1105-Pad1)")
    (add_net "Net-(C1106-Pad1)")
    (add_net "Net-(C1106-Pad2)")
    (add_net "Net-(C1107-Pad1)")
    (add_net "Net-(C1205-Pad1)")
    (add_net "Net-(C1206-Pad1)")
    (add_net "Net-(C1206-Pad2)")
    (add_net "Net-(C1207-Pad1)")
    (add_net "Net-(C1305-Pad1)")
    (add_net "Net-(C1306-Pad1)")
    (add_net "Net-(C1306-Pad2)")
    (add_net "Net-(C1307-Pad1)")
    (add_net "Net-(C605-Pad1)")
    (add_net "Net-(C605-Pad2)")
    (add_net "Net-(C606-Pad1)")
    (add_net "Net-(C608-Pad1)")
    (add_net "Net-(C705-Pad1)")
    (add_net "Net-(C705-Pad2)")
    (add_net "Net-(C706-Pad1)")
    (add_net "Net-(C708-Pad1)")
    (add_net "Net-(C805-Pad1)")
    (add_net "Net-(C805-Pad2)")
    (add_net "Net-(C806-Pad1)")
    (add_net "Net-(C808-Pad1)")
    (add_net "Net-(C905-Pad1)")
    (add_net "Net-(C905-Pad2)")
    (add_net "Net-(C906-Pad1)")
    (add_net "Net-(C908-Pad1)")
    (add_net "Net-(J101-Pad1)")
    (add_net "Net-(PS101-Pad13)")
    (add_net "Net-(PS101-Pad2)")
    (add_net "Net-(PS101-Pad8)")
    (add_net "Net-(R101-Pad1)")
    (add_net "Net-(R102-Pad1)")
    (add_net "Net-(R201-Pad1)")
    (add_net "Net-(R202-Pad1)")
    (add_net "Net-(R203-Pad1)")
    (add_net "Net-(R301-Pad1)")
    (add_net "Net-(R302-Pad1)")
    (add_net "Net-(R303-Pad1)")
    (add_net "Net-(R401-Pad1)")
    (add_net "Net-(R402-Pad1)")
    (add_net "Net-(R403-Pad1)")
    (add_net "Net-(R501-Pad1)")
    (add_net "Net-(R502-Pad1)")
    (add_net "Net-(R503-Pad1)")
    (add_net "Net-(R602-Pad2)")
    (add_net "Net-(R604-Pad1)")
    (add_net "Net-(R702-Pad2)")
    (add_net "Net-(R704-Pad1)")
    (add_net "Net-(R802-Pad2)")
    (add_net "Net-(R804-Pad1)")
    (add_net "Net-(R902-Pad2)")
    (add_net "Net-(R904-Pad1)")
    (add_net "Net-(RV601-Pad3)")
    (add_net "Net-(RV701-Pad3)")
    (add_net "Net-(RV801-Pad3)")
    (add_net "Net-(RV901-Pad3)")
    (add_net "Net-(U1001-Pad5)")
    (add_net "Net-(U1001-Pad6)")
    (add_net "Net-(U1001-Pad7)")
    (add_net "Net-(U101-Pad5)")
    (add_net "Net-(U101-Pad6)")
    (add_net "Net-(U101-Pad7)")
    (add_net "Net-(U1101-Pad5)")
    (add_net "Net-(U1101-Pad6)")
    (add_net "Net-(U1101-Pad7)")
    (add_net "Net-(U1201-Pad5)")
    (add_net "Net-(U1201-Pad6)")
    (add_net "Net-(U1201-Pad7)")
    (add_net "Net-(U1301-Pad5)")
    (add_net "Net-(U1301-Pad6)")
    (add_net "Net-(U1301-Pad7)")
  )

  (net_class 5v ""
    (clearance 0.2)
    (trace_width 0.2)
    (via_dia 0.8)
    (via_drill 0.4)
    (uvia_dia 0.8)
    (uvia_drill 0.4)
  )

  (net_class bat ""
    (clearance 0.2)
    (trace_width 0.2)
    (via_dia 0.8)
    (via_drill 0.4)
    (uvia_dia 0.8)
    (uvia_drill 0.4)
  )

  (module polycortexlib_footprints:Linear_DE14MA_manual_soldering (layer F.Cu) (tedit 5F3D5B8A) (tstamp 5F3F575E)
    (at 179.07 130.584)
    (descr "14-Lead Plastic DFN, 4mm x 3mm (http://www.analog.com/media/en/package-pcb-resources/package/pkg_pdf/ltc-legacy-dfn/05081731_C_DE14MA.pdf)")
    (tags "DFN 0.5")
    (path /5F347343)
    (attr smd)
    (fp_text reference PS101 (at 0 -3.05) (layer F.SilkS)
      (effects (font (size 1 1) (thickness 0.15)))
    )
    (fp_text value LT3032-5 (at 0 3.05) (layer F.Fab)
      (effects (font (size 1 1) (thickness 0.15)))
    )
    (fp_line (start -0.5 -2) (end 1.5 -2) (layer F.Fab) (width 0.1))
    (fp_line (start 1.5 -2) (end 1.5 2) (layer F.Fab) (width 0.1))
    (fp_line (start 1.5 2) (end -1.5 2) (layer F.Fab) (width 0.1))
    (fp_line (start -1.5 2) (end -1.5 -1) (layer F.Fab) (width 0.1))
    (fp_line (start -1.5 -1) (end -0.5 -2) (layer F.Fab) (width 0.1))
    (fp_line (start -3.5 -2.25) (end -3.5 2.25) (layer F.CrtYd) (width 0.05))
    (fp_line (start 3.5 -2.25) (end 3.5 2.25) (layer F.CrtYd) (width 0.05))
    (fp_line (start -3.5 -2.25) (end 3.5 -2.25) (layer F.CrtYd) (width 0.05))
    (fp_line (start -3.5 2.25) (end 3.5 2.25) (layer F.CrtYd) (width 0.05))
    (fp_line (start -1.5 2.11) (end 1.5 2.11) (layer F.SilkS) (width 0.12))
    (fp_line (start -1.75 -2.11) (end 1.5 -2.11) (layer F.SilkS) (width 0.12))
    (fp_text user %R (at 0 0) (layer F.Fab)
      (effects (font (size 0.7 0.7) (thickness 0.1)))
    )
    (pad 4 smd custom (at 0 -0.79) (size 1.65 1.28) (layers F.Cu F.Paste F.Mask)
      (net 1 GND) (zone_connect 2)
      (options (clearance outline) (anchor rect))
      (primitives
        (gr_circle (center 0.575 -0.64) (end 0.825 -0.64) (width 0))
        (gr_circle (center 0.575 0.64) (end 0.825 0.64) (width 0))
        (gr_poly (pts
           (xy -0.575 -0.89) (xy 0.575 -0.89) (xy 0.575 0.89) (xy -0.825 0.89) (xy -0.825 -0.64)
) (width 0))
        (gr_poly (pts
           (xy -0.78 0.665) (xy -3.25 0.665) (xy -3.25 0.915) (xy -0.88 0.915) (xy -0.78 0.89)
) (width 0))
        (gr_poly (pts
           (xy -1.075 0.665) (xy -1.025 0.66) (xy -0.977 0.645) (xy -0.935 0.622) (xy -0.897 0.591)
           (xy -0.866 0.552) (xy -0.844 0.511) (xy -0.83 0.464) (xy -0.825 0.415) (xy -0.825 0.665)
) (width 0.001))
      ))
    (pad 9 smd custom (at 0 1.145) (size 1.15 1.07) (layers F.Cu F.Paste F.Mask)
      (net 3 -9V) (zone_connect 2)
      (options (clearance outline) (anchor rect))
      (primitives
        (gr_circle (center -0.575 -0.285) (end -0.325 -0.285) (width 0))
        (gr_circle (center 0.575 -0.285) (end 0.825 -0.285) (width 0))
        (gr_circle (center -0.575 0.285) (end -0.325 0.285) (width 0))
        (gr_circle (center 0.575 0.285) (end 0.825 0.285) (width 0))
        (gr_poly (pts
           (xy -0.825 -0.285) (xy 0.825 -0.285) (xy 0.825 0.285) (xy -0.825 0.285)) (width 0))
        (gr_poly (pts
           (xy 0.825 -0.27) (xy 3.25 -0.27) (xy 3.25 -0.02) (xy 0.825 -0.02)) (width 0))
      ))
    (pad 1 smd rect (at -2.15 -1.5) (size 2.2 0.25) (layers F.Cu F.Paste F.Mask)
      (net 4 +5V))
    (pad 2 smd rect (at -2.15 -1) (size 2.2 0.25) (layers F.Cu F.Paste F.Mask)
      (net 59 "Net-(PS101-Pad2)"))
    (pad 3 smd rect (at -2.15 -0.5) (size 2.2 0.25) (layers F.Cu F.Paste F.Mask)
      (net 6 "Net-(C107-Pad2)"))
    (pad 5 smd rect (at -2.15 0.5) (size 2.2 0.25) (layers F.Cu F.Paste F.Mask)
      (net 1 GND))
    (pad 6 smd rect (at -2.15 1) (size 2.2 0.25) (layers F.Cu F.Paste F.Mask)
      (net 3 -9V))
    (pad 7 smd rect (at -2.15 1.5) (size 2.2 0.25) (layers F.Cu F.Paste F.Mask)
      (net 5 -5V))
    (pad 8 smd rect (at 2.15 1.5) (size 2.2 0.25) (layers F.Cu F.Paste F.Mask)
      (net 58 "Net-(PS101-Pad8)"))
    (pad 10 smd rect (at 2.15 0.5) (size 2.2 0.25) (layers F.Cu F.Paste F.Mask)
      (net 2 +9V))
    (pad 11 smd rect (at 2.15 0) (size 2.2 0.25) (layers F.Cu F.Paste F.Mask)
      (net 7 "Net-(C108-Pad1)"))
    (pad 12 smd rect (at 2.15 -0.5) (size 2.2 0.25) (layers F.Cu F.Paste F.Mask)
      (net 2 +9V))
    (pad 13 smd rect (at 2.15 -1) (size 2.2 0.25) (layers F.Cu F.Paste F.Mask)
      (net 57 "Net-(PS101-Pad13)"))
    (pad 14 smd rect (at 2.15 -1.5) (size 2.2 0.25) (layers F.Cu F.Paste F.Mask)
      (net 2 +9V))
    (model ${KISYS3DMOD}/Package_DFN_QFN.3dshapes/Linear_DE14MA.wrl
      (at (xyz 0 0 0))
      (scale (xyz 1 1 1))
      (rotate (xyz 0 0 0))
    )
  )

  (module digikey-footprints:Battery_Holder_9V_BC9VPC-ND (layer F.Cu) (tedit 5BB7D06D) (tstamp 5F3C19E6)
    (at 221.236001 55.652001)
    (descr http://www.memoryprotectiondevices.com/datasheets/BC9VPC-datasheet.pdf)
    (path /5F2AA8A7)
    (fp_text reference BAT101 (at -12.54 -4.91) (layer F.SilkS)
      (effects (font (size 1 1) (thickness 0.15)))
    )
    (fp_text value BC9VPC (at -12.01 27.63) (layer F.Fab)
      (effects (font (size 1 1) (thickness 0.15)))
    )
    (fp_text user %R (at -11.82 10.95) (layer F.Fab)
      (effects (font (size 1 1) (thickness 0.15)))
    )
    (fp_line (start -41.1 26.55) (end 14.52 26.55) (layer F.CrtYd) (width 0.1))
    (fp_line (start -41.1 -4.07) (end -41.1 26.55) (layer F.CrtYd) (width 0.1))
    (fp_line (start -41.1 -4.07) (end 14.52 -4.07) (layer F.CrtYd) (width 0.1))
    (fp_line (start 14.52 -4.07) (end 14.52 26.55) (layer F.CrtYd) (width 0.1))
    (fp_line (start 14.37 25.65) (end 14.37 26.4) (layer F.SilkS) (width 0.1))
    (fp_line (start -40.95 25.65) (end -40.95 26.4) (layer F.SilkS) (width 0.1))
    (fp_line (start 14.37 26.4) (end 13.62 26.4) (layer F.SilkS) (width 0.1))
    (fp_line (start -40.2 26.4) (end -40.95 26.4) (layer F.SilkS) (width 0.1))
    (fp_line (start -40.2 -3.9) (end -40.95 -3.9) (layer F.SilkS) (width 0.1))
    (fp_line (start -40.95 -3.9) (end -40.95 -3.15) (layer F.SilkS) (width 0.1))
    (fp_line (start 14.37 -3.9) (end 14.37 -3.15) (layer F.SilkS) (width 0.1))
    (fp_line (start 14.37 -3.9) (end 13.62 -3.9) (layer F.SilkS) (width 0.1))
    (fp_line (start -40.85 -3.8) (end -40.85 26.3) (layer F.Fab) (width 0.1))
    (fp_line (start 14.27 -3.8) (end 14.27 26.3) (layer F.Fab) (width 0.1))
    (fp_line (start -40.85 -3.8) (end 14.27 -3.8) (layer F.Fab) (width 0.1))
    (fp_line (start -40.85 26.3) (end 14.27 26.3) (layer F.Fab) (width 0.1))
    (pad NEG thru_hole oval (at 12.62 17.69) (size 1.75 3.3) (drill oval 0.75 2.3) (layers *.Cu *.Mask)
      (net 1 GND))
    (pad "" np_thru_hole circle (at -13.49 22.5) (size 5.57 5.57) (drill 5.57) (layers *.Cu *.Mask))
    (pad "" np_thru_hole circle (at 0 0) (size 5.57 5.57) (drill 5.57) (layers *.Cu *.Mask))
    (pad "" np_thru_hole circle (at -26.87 0) (size 5.57 5.57) (drill 5.57) (layers *.Cu *.Mask))
    (pad POS thru_hole oval (at 12.62 4.74) (size 1.75 3.3) (drill oval 0.75 2.3) (layers *.Cu *.Mask)
      (net 2 +9V))
  )

  (module digikey-footprints:Battery_Holder_9V_BC9VPC-ND (layer F.Cu) (tedit 5BB7D06D) (tstamp 5F3C1A00)
    (at 221.234 87.122)
    (descr http://www.memoryprotectiondevices.com/datasheets/BC9VPC-datasheet.pdf)
    (path /5F2AE1AF)
    (fp_text reference BAT102 (at -12.54 27.686) (layer F.SilkS)
      (effects (font (size 1 1) (thickness 0.15)))
    )
    (fp_text value BC9VPC (at -12.01 27.63) (layer F.Fab)
      (effects (font (size 1 1) (thickness 0.15)))
    )
    (fp_line (start -40.85 26.3) (end 14.27 26.3) (layer F.Fab) (width 0.1))
    (fp_line (start -40.85 -3.8) (end 14.27 -3.8) (layer F.Fab) (width 0.1))
    (fp_line (start 14.27 -3.8) (end 14.27 26.3) (layer F.Fab) (width 0.1))
    (fp_line (start -40.85 -3.8) (end -40.85 26.3) (layer F.Fab) (width 0.1))
    (fp_line (start 14.37 -3.9) (end 13.62 -3.9) (layer F.SilkS) (width 0.1))
    (fp_line (start 14.37 -3.9) (end 14.37 -3.15) (layer F.SilkS) (width 0.1))
    (fp_line (start -40.95 -3.9) (end -40.95 -3.15) (layer F.SilkS) (width 0.1))
    (fp_line (start -40.2 -3.9) (end -40.95 -3.9) (layer F.SilkS) (width 0.1))
    (fp_line (start -40.2 26.4) (end -40.95 26.4) (layer F.SilkS) (width 0.1))
    (fp_line (start 14.37 26.4) (end 13.62 26.4) (layer F.SilkS) (width 0.1))
    (fp_line (start -40.95 25.65) (end -40.95 26.4) (layer F.SilkS) (width 0.1))
    (fp_line (start 14.37 25.65) (end 14.37 26.4) (layer F.SilkS) (width 0.1))
    (fp_line (start 14.52 -4.07) (end 14.52 26.55) (layer F.CrtYd) (width 0.1))
    (fp_line (start -41.1 -4.07) (end 14.52 -4.07) (layer F.CrtYd) (width 0.1))
    (fp_line (start -41.1 -4.07) (end -41.1 26.55) (layer F.CrtYd) (width 0.1))
    (fp_line (start -41.1 26.55) (end 14.52 26.55) (layer F.CrtYd) (width 0.1))
    (fp_text user %R (at -11.82 10.95) (layer F.Fab)
      (effects (font (size 1 1) (thickness 0.15)))
    )
    (pad POS thru_hole oval (at 12.62 4.74) (size 1.75 3.3) (drill oval 0.75 2.3) (layers *.Cu *.Mask)
      (net 1 GND))
    (pad "" np_thru_hole circle (at -26.87 0) (size 5.57 5.57) (drill 5.57) (layers *.Cu *.Mask))
    (pad "" np_thru_hole circle (at 0 0) (size 5.57 5.57) (drill 5.57) (layers *.Cu *.Mask))
    (pad "" np_thru_hole circle (at -13.49 22.5) (size 5.57 5.57) (drill 5.57) (layers *.Cu *.Mask))
    (pad NEG thru_hole oval (at 12.62 17.69) (size 1.75 3.3) (drill oval 0.75 2.3) (layers *.Cu *.Mask)
      (net 3 -9V))
  )

  (module Capacitor_SMD:C_0805_2012Metric_Pad1.15x1.40mm_HandSolder (layer F.Cu) (tedit 5B36C52B) (tstamp 5F3C1A11)
    (at 112.277 129.794 180)
    (descr "Capacitor SMD 0805 (2012 Metric), square (rectangular) end terminal, IPC_7351 nominal with elongated pad for handsoldering. (Body size source: https://docs.google.com/spreadsheets/d/1BsfQQcO9C6DZCsRaXUlFlo91Tg2WpOkGARC1WS5S8t0/edit?usp=sharing), generated with kicad-footprint-generator")
    (tags "capacitor handsolder")
    (path /5F544356)
    (attr smd)
    (fp_text reference C101 (at -3.801 0) (layer F.SilkS)
      (effects (font (size 1 1) (thickness 0.15)))
    )
    (fp_text value 0.1uF (at 0 1.65) (layer F.Fab)
      (effects (font (size 1 1) (thickness 0.15)))
    )
    (fp_line (start -1 0.6) (end -1 -0.6) (layer F.Fab) (width 0.1))
    (fp_line (start -1 -0.6) (end 1 -0.6) (layer F.Fab) (width 0.1))
    (fp_line (start 1 -0.6) (end 1 0.6) (layer F.Fab) (width 0.1))
    (fp_line (start 1 0.6) (end -1 0.6) (layer F.Fab) (width 0.1))
    (fp_line (start -0.261252 -0.71) (end 0.261252 -0.71) (layer F.SilkS) (width 0.12))
    (fp_line (start -0.261252 0.71) (end 0.261252 0.71) (layer F.SilkS) (width 0.12))
    (fp_line (start -1.85 0.95) (end -1.85 -0.95) (layer F.CrtYd) (width 0.05))
    (fp_line (start -1.85 -0.95) (end 1.85 -0.95) (layer F.CrtYd) (width 0.05))
    (fp_line (start 1.85 -0.95) (end 1.85 0.95) (layer F.CrtYd) (width 0.05))
    (fp_line (start 1.85 0.95) (end -1.85 0.95) (layer F.CrtYd) (width 0.05))
    (fp_text user %R (at 0 0) (layer F.Fab)
      (effects (font (size 0.5 0.5) (thickness 0.08)))
    )
    (pad 1 smd roundrect (at -1.025 0 180) (size 1.15 1.4) (layers F.Cu F.Paste F.Mask) (roundrect_rratio 0.217391)
      (net 1 GND))
    (pad 2 smd roundrect (at 1.025 0 180) (size 1.15 1.4) (layers F.Cu F.Paste F.Mask) (roundrect_rratio 0.217391)
      (net 4 +5V))
    (model ${KISYS3DMOD}/Capacitor_SMD.3dshapes/C_0805_2012Metric.wrl
      (at (xyz 0 0 0))
      (scale (xyz 1 1 1))
      (rotate (xyz 0 0 0))
    )
  )

  (module Capacitor_SMD:C_0805_2012Metric_Pad1.15x1.40mm_HandSolder (layer F.Cu) (tedit 5B36C52B) (tstamp 5F3C1A22)
    (at 112.268 131.826 180)
    (descr "Capacitor SMD 0805 (2012 Metric), square (rectangular) end terminal, IPC_7351 nominal with elongated pad for handsoldering. (Body size source: https://docs.google.com/spreadsheets/d/1BsfQQcO9C6DZCsRaXUlFlo91Tg2WpOkGARC1WS5S8t0/edit?usp=sharing), generated with kicad-footprint-generator")
    (tags "capacitor handsolder")
    (path /5F544350)
    (attr smd)
    (fp_text reference C102 (at -3.81 0) (layer F.SilkS)
      (effects (font (size 1 1) (thickness 0.15)))
    )
    (fp_text value 0.1uF (at 0 1.65) (layer F.Fab)
      (effects (font (size 1 1) (thickness 0.15)))
    )
    (fp_text user %R (at 0 0) (layer F.Fab)
      (effects (font (size 0.5 0.5) (thickness 0.08)))
    )
    (fp_line (start 1.85 0.95) (end -1.85 0.95) (layer F.CrtYd) (width 0.05))
    (fp_line (start 1.85 -0.95) (end 1.85 0.95) (layer F.CrtYd) (width 0.05))
    (fp_line (start -1.85 -0.95) (end 1.85 -0.95) (layer F.CrtYd) (width 0.05))
    (fp_line (start -1.85 0.95) (end -1.85 -0.95) (layer F.CrtYd) (width 0.05))
    (fp_line (start -0.261252 0.71) (end 0.261252 0.71) (layer F.SilkS) (width 0.12))
    (fp_line (start -0.261252 -0.71) (end 0.261252 -0.71) (layer F.SilkS) (width 0.12))
    (fp_line (start 1 0.6) (end -1 0.6) (layer F.Fab) (width 0.1))
    (fp_line (start 1 -0.6) (end 1 0.6) (layer F.Fab) (width 0.1))
    (fp_line (start -1 -0.6) (end 1 -0.6) (layer F.Fab) (width 0.1))
    (fp_line (start -1 0.6) (end -1 -0.6) (layer F.Fab) (width 0.1))
    (pad 2 smd roundrect (at 1.025 0 180) (size 1.15 1.4) (layers F.Cu F.Paste F.Mask) (roundrect_rratio 0.217391)
      (net 4 +5V))
    (pad 1 smd roundrect (at -1.025 0 180) (size 1.15 1.4) (layers F.Cu F.Paste F.Mask) (roundrect_rratio 0.217391)
      (net 1 GND))
    (model ${KISYS3DMOD}/Capacitor_SMD.3dshapes/C_0805_2012Metric.wrl
      (at (xyz 0 0 0))
      (scale (xyz 1 1 1))
      (rotate (xyz 0 0 0))
    )
  )

  (module Capacitor_SMD:C_0805_2012Metric_Pad1.15x1.40mm_HandSolder (layer F.Cu) (tedit 5B36C52B) (tstamp 5F3C1A33)
    (at 98.307 134.112)
    (descr "Capacitor SMD 0805 (2012 Metric), square (rectangular) end terminal, IPC_7351 nominal with elongated pad for handsoldering. (Body size source: https://docs.google.com/spreadsheets/d/1BsfQQcO9C6DZCsRaXUlFlo91Tg2WpOkGARC1WS5S8t0/edit?usp=sharing), generated with kicad-footprint-generator")
    (tags "capacitor handsolder")
    (path /5F52B984)
    (attr smd)
    (fp_text reference C103 (at -3.819 0) (layer F.SilkS)
      (effects (font (size 1 1) (thickness 0.15)))
    )
    (fp_text value 0.1uF (at 0 1.65) (layer F.Fab)
      (effects (font (size 1 1) (thickness 0.15)))
    )
    (fp_line (start -1 0.6) (end -1 -0.6) (layer F.Fab) (width 0.1))
    (fp_line (start -1 -0.6) (end 1 -0.6) (layer F.Fab) (width 0.1))
    (fp_line (start 1 -0.6) (end 1 0.6) (layer F.Fab) (width 0.1))
    (fp_line (start 1 0.6) (end -1 0.6) (layer F.Fab) (width 0.1))
    (fp_line (start -0.261252 -0.71) (end 0.261252 -0.71) (layer F.SilkS) (width 0.12))
    (fp_line (start -0.261252 0.71) (end 0.261252 0.71) (layer F.SilkS) (width 0.12))
    (fp_line (start -1.85 0.95) (end -1.85 -0.95) (layer F.CrtYd) (width 0.05))
    (fp_line (start -1.85 -0.95) (end 1.85 -0.95) (layer F.CrtYd) (width 0.05))
    (fp_line (start 1.85 -0.95) (end 1.85 0.95) (layer F.CrtYd) (width 0.05))
    (fp_line (start 1.85 0.95) (end -1.85 0.95) (layer F.CrtYd) (width 0.05))
    (fp_text user %R (at 0 0) (layer F.Fab)
      (effects (font (size 0.5 0.5) (thickness 0.08)))
    )
    (pad 1 smd roundrect (at -1.025 0) (size 1.15 1.4) (layers F.Cu F.Paste F.Mask) (roundrect_rratio 0.217391)
      (net 1 GND))
    (pad 2 smd roundrect (at 1.025 0) (size 1.15 1.4) (layers F.Cu F.Paste F.Mask) (roundrect_rratio 0.217391)
      (net 5 -5V))
    (model ${KISYS3DMOD}/Capacitor_SMD.3dshapes/C_0805_2012Metric.wrl
      (at (xyz 0 0 0))
      (scale (xyz 1 1 1))
      (rotate (xyz 0 0 0))
    )
  )

  (module Capacitor_SMD:C_0805_2012Metric_Pad1.15x1.40mm_HandSolder (layer F.Cu) (tedit 5B36C52B) (tstamp 5F3C1A44)
    (at 98.307 136.144)
    (descr "Capacitor SMD 0805 (2012 Metric), square (rectangular) end terminal, IPC_7351 nominal with elongated pad for handsoldering. (Body size source: https://docs.google.com/spreadsheets/d/1BsfQQcO9C6DZCsRaXUlFlo91Tg2WpOkGARC1WS5S8t0/edit?usp=sharing), generated with kicad-footprint-generator")
    (tags "capacitor handsolder")
    (path /5F52B97E)
    (attr smd)
    (fp_text reference C104 (at -3.819 0) (layer F.SilkS)
      (effects (font (size 1 1) (thickness 0.15)))
    )
    (fp_text value 0.1uF (at 0 1.65) (layer F.Fab)
      (effects (font (size 1 1) (thickness 0.15)))
    )
    (fp_text user %R (at 0 0) (layer F.Fab)
      (effects (font (size 0.5 0.5) (thickness 0.08)))
    )
    (fp_line (start 1.85 0.95) (end -1.85 0.95) (layer F.CrtYd) (width 0.05))
    (fp_line (start 1.85 -0.95) (end 1.85 0.95) (layer F.CrtYd) (width 0.05))
    (fp_line (start -1.85 -0.95) (end 1.85 -0.95) (layer F.CrtYd) (width 0.05))
    (fp_line (start -1.85 0.95) (end -1.85 -0.95) (layer F.CrtYd) (width 0.05))
    (fp_line (start -0.261252 0.71) (end 0.261252 0.71) (layer F.SilkS) (width 0.12))
    (fp_line (start -0.261252 -0.71) (end 0.261252 -0.71) (layer F.SilkS) (width 0.12))
    (fp_line (start 1 0.6) (end -1 0.6) (layer F.Fab) (width 0.1))
    (fp_line (start 1 -0.6) (end 1 0.6) (layer F.Fab) (width 0.1))
    (fp_line (start -1 -0.6) (end 1 -0.6) (layer F.Fab) (width 0.1))
    (fp_line (start -1 0.6) (end -1 -0.6) (layer F.Fab) (width 0.1))
    (pad 2 smd roundrect (at 1.025 0) (size 1.15 1.4) (layers F.Cu F.Paste F.Mask) (roundrect_rratio 0.217391)
      (net 5 -5V))
    (pad 1 smd roundrect (at -1.025 0) (size 1.15 1.4) (layers F.Cu F.Paste F.Mask) (roundrect_rratio 0.217391)
      (net 1 GND))
    (model ${KISYS3DMOD}/Capacitor_SMD.3dshapes/C_0805_2012Metric.wrl
      (at (xyz 0 0 0))
      (scale (xyz 1 1 1))
      (rotate (xyz 0 0 0))
    )
  )

  (module Capacitor_SMD:C_0805_2012Metric_Pad1.15x1.40mm_HandSolder (layer F.Cu) (tedit 5B36C52B) (tstamp 5F3C1A55)
    (at 184.921 132.588)
    (descr "Capacitor SMD 0805 (2012 Metric), square (rectangular) end terminal, IPC_7351 nominal with elongated pad for handsoldering. (Body size source: https://docs.google.com/spreadsheets/d/1BsfQQcO9C6DZCsRaXUlFlo91Tg2WpOkGARC1WS5S8t0/edit?usp=sharing), generated with kicad-footprint-generator")
    (tags "capacitor handsolder")
    (path /5F363B11)
    (attr smd)
    (fp_text reference C105 (at 3.801 0) (layer F.SilkS)
      (effects (font (size 1 1) (thickness 0.15)))
    )
    (fp_text value 10uF (at 0 1.65) (layer F.Fab)
      (effects (font (size 1 1) (thickness 0.15)))
    )
    (fp_line (start -1 0.6) (end -1 -0.6) (layer F.Fab) (width 0.1))
    (fp_line (start -1 -0.6) (end 1 -0.6) (layer F.Fab) (width 0.1))
    (fp_line (start 1 -0.6) (end 1 0.6) (layer F.Fab) (width 0.1))
    (fp_line (start 1 0.6) (end -1 0.6) (layer F.Fab) (width 0.1))
    (fp_line (start -0.261252 -0.71) (end 0.261252 -0.71) (layer F.SilkS) (width 0.12))
    (fp_line (start -0.261252 0.71) (end 0.261252 0.71) (layer F.SilkS) (width 0.12))
    (fp_line (start -1.85 0.95) (end -1.85 -0.95) (layer F.CrtYd) (width 0.05))
    (fp_line (start -1.85 -0.95) (end 1.85 -0.95) (layer F.CrtYd) (width 0.05))
    (fp_line (start 1.85 -0.95) (end 1.85 0.95) (layer F.CrtYd) (width 0.05))
    (fp_line (start 1.85 0.95) (end -1.85 0.95) (layer F.CrtYd) (width 0.05))
    (fp_text user %R (at 0 0) (layer F.Fab)
      (effects (font (size 0.5 0.5) (thickness 0.08)))
    )
    (pad 1 smd roundrect (at -1.025 0) (size 1.15 1.4) (layers F.Cu F.Paste F.Mask) (roundrect_rratio 0.217391)
      (net 2 +9V))
    (pad 2 smd roundrect (at 1.025 0) (size 1.15 1.4) (layers F.Cu F.Paste F.Mask) (roundrect_rratio 0.217391)
      (net 1 GND))
    (model ${KISYS3DMOD}/Capacitor_SMD.3dshapes/C_0805_2012Metric.wrl
      (at (xyz 0 0 0))
      (scale (xyz 1 1 1))
      (rotate (xyz 0 0 0))
    )
  )

  (module Capacitor_SMD:C_0805_2012Metric_Pad1.15x1.40mm_HandSolder (layer F.Cu) (tedit 5B36C52B) (tstamp 5F3C1A66)
    (at 173.237 131.572)
    (descr "Capacitor SMD 0805 (2012 Metric), square (rectangular) end terminal, IPC_7351 nominal with elongated pad for handsoldering. (Body size source: https://docs.google.com/spreadsheets/d/1BsfQQcO9C6DZCsRaXUlFlo91Tg2WpOkGARC1WS5S8t0/edit?usp=sharing), generated with kicad-footprint-generator")
    (tags "capacitor handsolder")
    (path /5F3627B8)
    (attr smd)
    (fp_text reference C106 (at -3.819 0) (layer F.SilkS)
      (effects (font (size 1 1) (thickness 0.15)))
    )
    (fp_text value 10uF (at 0 1.65) (layer F.Fab)
      (effects (font (size 1 1) (thickness 0.15)))
    )
    (fp_text user %R (at 0 0) (layer F.Fab)
      (effects (font (size 0.5 0.5) (thickness 0.08)))
    )
    (fp_line (start 1.85 0.95) (end -1.85 0.95) (layer F.CrtYd) (width 0.05))
    (fp_line (start 1.85 -0.95) (end 1.85 0.95) (layer F.CrtYd) (width 0.05))
    (fp_line (start -1.85 -0.95) (end 1.85 -0.95) (layer F.CrtYd) (width 0.05))
    (fp_line (start -1.85 0.95) (end -1.85 -0.95) (layer F.CrtYd) (width 0.05))
    (fp_line (start -0.261252 0.71) (end 0.261252 0.71) (layer F.SilkS) (width 0.12))
    (fp_line (start -0.261252 -0.71) (end 0.261252 -0.71) (layer F.SilkS) (width 0.12))
    (fp_line (start 1 0.6) (end -1 0.6) (layer F.Fab) (width 0.1))
    (fp_line (start 1 -0.6) (end 1 0.6) (layer F.Fab) (width 0.1))
    (fp_line (start -1 -0.6) (end 1 -0.6) (layer F.Fab) (width 0.1))
    (fp_line (start -1 0.6) (end -1 -0.6) (layer F.Fab) (width 0.1))
    (pad 2 smd roundrect (at 1.025 0) (size 1.15 1.4) (layers F.Cu F.Paste F.Mask) (roundrect_rratio 0.217391)
      (net 3 -9V))
    (pad 1 smd roundrect (at -1.025 0) (size 1.15 1.4) (layers F.Cu F.Paste F.Mask) (roundrect_rratio 0.217391)
      (net 1 GND))
    (model ${KISYS3DMOD}/Capacitor_SMD.3dshapes/C_0805_2012Metric.wrl
      (at (xyz 0 0 0))
      (scale (xyz 1 1 1))
      (rotate (xyz 0 0 0))
    )
  )

  (module Capacitor_SMD:C_0805_2012Metric_Pad1.15x1.40mm_HandSolder (layer F.Cu) (tedit 5B36C52B) (tstamp 5F3C1A77)
    (at 173.237 129.54)
    (descr "Capacitor SMD 0805 (2012 Metric), square (rectangular) end terminal, IPC_7351 nominal with elongated pad for handsoldering. (Body size source: https://docs.google.com/spreadsheets/d/1BsfQQcO9C6DZCsRaXUlFlo91Tg2WpOkGARC1WS5S8t0/edit?usp=sharing), generated with kicad-footprint-generator")
    (tags "capacitor handsolder")
    (path /5F4DEC21)
    (attr smd)
    (fp_text reference C107 (at -3.819 0) (layer F.SilkS)
      (effects (font (size 1 1) (thickness 0.15)))
    )
    (fp_text value 0.01uF (at 0 1.65) (layer F.Fab)
      (effects (font (size 1 1) (thickness 0.15)))
    )
    (fp_text user %R (at 0 0) (layer F.Fab)
      (effects (font (size 0.5 0.5) (thickness 0.08)))
    )
    (fp_line (start 1.85 0.95) (end -1.85 0.95) (layer F.CrtYd) (width 0.05))
    (fp_line (start 1.85 -0.95) (end 1.85 0.95) (layer F.CrtYd) (width 0.05))
    (fp_line (start -1.85 -0.95) (end 1.85 -0.95) (layer F.CrtYd) (width 0.05))
    (fp_line (start -1.85 0.95) (end -1.85 -0.95) (layer F.CrtYd) (width 0.05))
    (fp_line (start -0.261252 0.71) (end 0.261252 0.71) (layer F.SilkS) (width 0.12))
    (fp_line (start -0.261252 -0.71) (end 0.261252 -0.71) (layer F.SilkS) (width 0.12))
    (fp_line (start 1 0.6) (end -1 0.6) (layer F.Fab) (width 0.1))
    (fp_line (start 1 -0.6) (end 1 0.6) (layer F.Fab) (width 0.1))
    (fp_line (start -1 -0.6) (end 1 -0.6) (layer F.Fab) (width 0.1))
    (fp_line (start -1 0.6) (end -1 -0.6) (layer F.Fab) (width 0.1))
    (pad 2 smd roundrect (at 1.025 0) (size 1.15 1.4) (layers F.Cu F.Paste F.Mask) (roundrect_rratio 0.217391)
      (net 6 "Net-(C107-Pad2)"))
    (pad 1 smd roundrect (at -1.025 0) (size 1.15 1.4) (layers F.Cu F.Paste F.Mask) (roundrect_rratio 0.217391)
      (net 4 +5V))
    (model ${KISYS3DMOD}/Capacitor_SMD.3dshapes/C_0805_2012Metric.wrl
      (at (xyz 0 0 0))
      (scale (xyz 1 1 1))
      (rotate (xyz 0 0 0))
    )
  )

  (module Capacitor_SMD:C_0805_2012Metric_Pad1.15x1.40mm_HandSolder (layer F.Cu) (tedit 5B36C52B) (tstamp 5F3C1A88)
    (at 184.921 130.556)
    (descr "Capacitor SMD 0805 (2012 Metric), square (rectangular) end terminal, IPC_7351 nominal with elongated pad for handsoldering. (Body size source: https://docs.google.com/spreadsheets/d/1BsfQQcO9C6DZCsRaXUlFlo91Tg2WpOkGARC1WS5S8t0/edit?usp=sharing), generated with kicad-footprint-generator")
    (tags "capacitor handsolder")
    (path /5F4E02FA)
    (attr smd)
    (fp_text reference C108 (at 3.801 0) (layer F.SilkS)
      (effects (font (size 1 1) (thickness 0.15)))
    )
    (fp_text value 0.01uF (at 0 1.65) (layer F.Fab)
      (effects (font (size 1 1) (thickness 0.15)))
    )
    (fp_line (start -1 0.6) (end -1 -0.6) (layer F.Fab) (width 0.1))
    (fp_line (start -1 -0.6) (end 1 -0.6) (layer F.Fab) (width 0.1))
    (fp_line (start 1 -0.6) (end 1 0.6) (layer F.Fab) (width 0.1))
    (fp_line (start 1 0.6) (end -1 0.6) (layer F.Fab) (width 0.1))
    (fp_line (start -0.261252 -0.71) (end 0.261252 -0.71) (layer F.SilkS) (width 0.12))
    (fp_line (start -0.261252 0.71) (end 0.261252 0.71) (layer F.SilkS) (width 0.12))
    (fp_line (start -1.85 0.95) (end -1.85 -0.95) (layer F.CrtYd) (width 0.05))
    (fp_line (start -1.85 -0.95) (end 1.85 -0.95) (layer F.CrtYd) (width 0.05))
    (fp_line (start 1.85 -0.95) (end 1.85 0.95) (layer F.CrtYd) (width 0.05))
    (fp_line (start 1.85 0.95) (end -1.85 0.95) (layer F.CrtYd) (width 0.05))
    (fp_text user %R (at 0 0) (layer F.Fab)
      (effects (font (size 0.5 0.5) (thickness 0.08)))
    )
    (pad 1 smd roundrect (at -1.025 0) (size 1.15 1.4) (layers F.Cu F.Paste F.Mask) (roundrect_rratio 0.217391)
      (net 7 "Net-(C108-Pad1)"))
    (pad 2 smd roundrect (at 1.025 0) (size 1.15 1.4) (layers F.Cu F.Paste F.Mask) (roundrect_rratio 0.217391)
      (net 5 -5V))
    (model ${KISYS3DMOD}/Capacitor_SMD.3dshapes/C_0805_2012Metric.wrl
      (at (xyz 0 0 0))
      (scale (xyz 1 1 1))
      (rotate (xyz 0 0 0))
    )
  )

  (module Capacitor_SMD:C_0805_2012Metric_Pad1.15x1.40mm_HandSolder (layer F.Cu) (tedit 5B36C52B) (tstamp 5F3C1A99)
    (at 173.237 127.508)
    (descr "Capacitor SMD 0805 (2012 Metric), square (rectangular) end terminal, IPC_7351 nominal with elongated pad for handsoldering. (Body size source: https://docs.google.com/spreadsheets/d/1BsfQQcO9C6DZCsRaXUlFlo91Tg2WpOkGARC1WS5S8t0/edit?usp=sharing), generated with kicad-footprint-generator")
    (tags "capacitor handsolder")
    (path /5F51C53D)
    (attr smd)
    (fp_text reference C109 (at -3.819 0) (layer F.SilkS)
      (effects (font (size 1 1) (thickness 0.15)))
    )
    (fp_text value 10uF (at 0 1.65) (layer F.Fab)
      (effects (font (size 1 1) (thickness 0.15)))
    )
    (fp_text user %R (at 0 0) (layer F.Fab)
      (effects (font (size 0.5 0.5) (thickness 0.08)))
    )
    (fp_line (start 1.85 0.95) (end -1.85 0.95) (layer F.CrtYd) (width 0.05))
    (fp_line (start 1.85 -0.95) (end 1.85 0.95) (layer F.CrtYd) (width 0.05))
    (fp_line (start -1.85 -0.95) (end 1.85 -0.95) (layer F.CrtYd) (width 0.05))
    (fp_line (start -1.85 0.95) (end -1.85 -0.95) (layer F.CrtYd) (width 0.05))
    (fp_line (start -0.261252 0.71) (end 0.261252 0.71) (layer F.SilkS) (width 0.12))
    (fp_line (start -0.261252 -0.71) (end 0.261252 -0.71) (layer F.SilkS) (width 0.12))
    (fp_line (start 1 0.6) (end -1 0.6) (layer F.Fab) (width 0.1))
    (fp_line (start 1 -0.6) (end 1 0.6) (layer F.Fab) (width 0.1))
    (fp_line (start -1 -0.6) (end 1 -0.6) (layer F.Fab) (width 0.1))
    (fp_line (start -1 0.6) (end -1 -0.6) (layer F.Fab) (width 0.1))
    (pad 2 smd roundrect (at 1.025 0) (size 1.15 1.4) (layers F.Cu F.Paste F.Mask) (roundrect_rratio 0.217391)
      (net 1 GND))
    (pad 1 smd roundrect (at -1.025 0) (size 1.15 1.4) (layers F.Cu F.Paste F.Mask) (roundrect_rratio 0.217391)
      (net 4 +5V))
    (model ${KISYS3DMOD}/Capacitor_SMD.3dshapes/C_0805_2012Metric.wrl
      (at (xyz 0 0 0))
      (scale (xyz 1 1 1))
      (rotate (xyz 0 0 0))
    )
  )

  (module Capacitor_SMD:C_0805_2012Metric_Pad1.15x1.40mm_HandSolder (layer F.Cu) (tedit 5B36C52B) (tstamp 5F3C1AAA)
    (at 184.921 128.016)
    (descr "Capacitor SMD 0805 (2012 Metric), square (rectangular) end terminal, IPC_7351 nominal with elongated pad for handsoldering. (Body size source: https://docs.google.com/spreadsheets/d/1BsfQQcO9C6DZCsRaXUlFlo91Tg2WpOkGARC1WS5S8t0/edit?usp=sharing), generated with kicad-footprint-generator")
    (tags "capacitor handsolder")
    (path /5F51C642)
    (attr smd)
    (fp_text reference C110 (at 3.801 0) (layer F.SilkS)
      (effects (font (size 1 1) (thickness 0.15)))
    )
    (fp_text value 10uF (at 0 1.65) (layer F.Fab)
      (effects (font (size 1 1) (thickness 0.15)))
    )
    (fp_line (start -1 0.6) (end -1 -0.6) (layer F.Fab) (width 0.1))
    (fp_line (start -1 -0.6) (end 1 -0.6) (layer F.Fab) (width 0.1))
    (fp_line (start 1 -0.6) (end 1 0.6) (layer F.Fab) (width 0.1))
    (fp_line (start 1 0.6) (end -1 0.6) (layer F.Fab) (width 0.1))
    (fp_line (start -0.261252 -0.71) (end 0.261252 -0.71) (layer F.SilkS) (width 0.12))
    (fp_line (start -0.261252 0.71) (end 0.261252 0.71) (layer F.SilkS) (width 0.12))
    (fp_line (start -1.85 0.95) (end -1.85 -0.95) (layer F.CrtYd) (width 0.05))
    (fp_line (start -1.85 -0.95) (end 1.85 -0.95) (layer F.CrtYd) (width 0.05))
    (fp_line (start 1.85 -0.95) (end 1.85 0.95) (layer F.CrtYd) (width 0.05))
    (fp_line (start 1.85 0.95) (end -1.85 0.95) (layer F.CrtYd) (width 0.05))
    (fp_text user %R (at 0 0) (layer F.Fab)
      (effects (font (size 0.5 0.5) (thickness 0.08)))
    )
    (pad 1 smd roundrect (at -1.025 0) (size 1.15 1.4) (layers F.Cu F.Paste F.Mask) (roundrect_rratio 0.217391)
      (net 1 GND))
    (pad 2 smd roundrect (at 1.025 0) (size 1.15 1.4) (layers F.Cu F.Paste F.Mask) (roundrect_rratio 0.217391)
      (net 5 -5V))
    (model ${KISYS3DMOD}/Capacitor_SMD.3dshapes/C_0805_2012Metric.wrl
      (at (xyz 0 0 0))
      (scale (xyz 1 1 1))
      (rotate (xyz 0 0 0))
    )
  )

  (module Capacitor_SMD:C_0805_2012Metric_Pad1.15x1.40mm_HandSolder (layer F.Cu) (tedit 5B36C52B) (tstamp 5F3C1ABB)
    (at 112.005 52.324 180)
    (descr "Capacitor SMD 0805 (2012 Metric), square (rectangular) end terminal, IPC_7351 nominal with elongated pad for handsoldering. (Body size source: https://docs.google.com/spreadsheets/d/1BsfQQcO9C6DZCsRaXUlFlo91Tg2WpOkGARC1WS5S8t0/edit?usp=sharing), generated with kicad-footprint-generator")
    (tags "capacitor handsolder")
    (path /5F419071/5F47C78D)
    (attr smd)
    (fp_text reference C201 (at -3.819 0) (layer F.SilkS)
      (effects (font (size 1 1) (thickness 0.15)))
    )
    (fp_text value 0.1uF (at 0 1.65) (layer F.Fab)
      (effects (font (size 1 1) (thickness 0.15)))
    )
    (fp_line (start -1 0.6) (end -1 -0.6) (layer F.Fab) (width 0.1))
    (fp_line (start -1 -0.6) (end 1 -0.6) (layer F.Fab) (width 0.1))
    (fp_line (start 1 -0.6) (end 1 0.6) (layer F.Fab) (width 0.1))
    (fp_line (start 1 0.6) (end -1 0.6) (layer F.Fab) (width 0.1))
    (fp_line (start -0.261252 -0.71) (end 0.261252 -0.71) (layer F.SilkS) (width 0.12))
    (fp_line (start -0.261252 0.71) (end 0.261252 0.71) (layer F.SilkS) (width 0.12))
    (fp_line (start -1.85 0.95) (end -1.85 -0.95) (layer F.CrtYd) (width 0.05))
    (fp_line (start -1.85 -0.95) (end 1.85 -0.95) (layer F.CrtYd) (width 0.05))
    (fp_line (start 1.85 -0.95) (end 1.85 0.95) (layer F.CrtYd) (width 0.05))
    (fp_line (start 1.85 0.95) (end -1.85 0.95) (layer F.CrtYd) (width 0.05))
    (fp_text user %R (at 0 0) (layer F.Fab)
      (effects (font (size 0.5 0.5) (thickness 0.08)))
    )
    (pad 1 smd roundrect (at -1.025 0 180) (size 1.15 1.4) (layers F.Cu F.Paste F.Mask) (roundrect_rratio 0.217391)
      (net 1 GND))
